1 1368567994 716003872 573530356 
10 1279855378 650886265 527787948 
11 1280997346 652031703 528610256 
12 1214394849 623254583 498011036 
13 1287011017 653432227 528061148 
14 1290048969 655896277 529439412 
15 1346178960 694121072 574356501 
16 1372642137 708989888 586412451 
17 1355270216 694416001 564759911 
18 1348069906 700441642 570852717 
19 1360932486 698515326 575660004 
2 1365634841 722515142 580798671 
20 1368304024 704174834 580186229 
21 1369313588 715202669 583101935 
22 1384187052 714926464 580581971 
3 1357248155 717589425 577049113 
4 1413439308 748246997 612522527 
5 1389066489 731913335 598603516 
6 1426528931 751129796 620791930 
7 1477573183 785499143 632157511 
8 1395876293 730529482 602412944 
9 1332521896 694602179 566578326 
