0 11918263 11918263 11918263 
1 11918263 11918263 11918263 
10 11430553 11430553 11430553 
11 11429965 11429965 11429965 
12 11429503 11429503 11429503 
13 11429965 11429965 11429965 
14 11429503 11429503 11429503 
15 11429965 11429965 11429965 
16 11429503 11429503 11429503 
17 11429965 11429965 11429965 
18 11480122 11480122 11480122 
19 11624737 11624737 11624737 
2 11918263 11918263 11918263 
20 11693636 11693636 11693636 
21 11805790 11805790 11805790 
22 11918263 11918263 11918263 
23 11918263 11918263 11918263 
24 11918263 11918263 11918263 
25 11918263 11918263 11918263 
26 11918263 11918263 11918263 
27 11918263 11918263 11918263 
28 11918263 11918263 11918263 
29 11918263 11918263 11918263 
3 11918263 11918263 11918263 
4 11918263 11918263 11918263 
5 11918263 11918263 11918263 
6 11891919 11891919 11891919 
7 11733261 11733261 11733261 
8 11660747 11660747 11660747 
9 11564085 11564085 11564085 
